0.047963000	-88
0.252766000	-90
0.355173000	-89
0.457573000	-90
0.559977000	-89
0.662386000	-88
0.764719000	-89
0.867126000	-88
0.969536000	-83
1.072163000	-83
1.174335000	-85
1.276741000	-79
1.481546000	-85
1.686346000	-85
2.607905000	-84
12.848261000	-85
12.950664000	-88
21.962028000	-82
22.064431000	-82
22.166837000	-88
22.269252000	-85
22.371645000	-86
22.474055000	-88
22.576445000	-87
22.678850000	-86
22.883662000	-85
22.986066000	-86
23.088473000	-84
23.293266000	-87
23.395676000	-87
23.498079000	-87
23.600459000	-86
23.907690000	-86
24.112501000	-87
24.214898000	-86
24.317310000	-81
24.419705000	-85
24.522108000	-84
24.624509000	-86
24.829447000	-86
24.931725000	-85
25.034130000	-84
25.136530000	-87
25.443745000	-87
25.546143000	-88
25.648551000	-86
25.750951000	-85
25.853358000	-86
25.955761000	-89
26.058168000	-86
26.160561000	-87
26.262974000	-84
26.365376000	-87
26.467774000	-87
26.570175000	-85
26.774985000	-85
26.877392000	-86
26.979728000	-87
27.082131000	-85
27.184544000	-87
27.286945000	-85
27.389341000	-86
27.491748000	-85
27.798954000	-85
28.003758000	-86
28.106147000	-86
28.208568000	-84
28.310974000	-85
28.515785000	-86
28.720584000	-83
28.925387000	-88
29.027793000	-89
29.130202000	-85
29.232604000	-86
29.335411000	-86
29.539813000	-85
29.642213000	-88
29.744622000	-87
30.359044000	-87
30.768652000	-85
31.075855000	-85
31.178263000	-88
31.280668000	-87
31.690280000	-85
32.099900000	-84
32.304706000	-87
32.611895000	-86
33.124055000	-85
33.431147000	-86
33.635880000	-89
33.943203000	-86
34.659915000	-84
34.967049000	-89
35.069609000	-84
35.376744000	-85
35.479144000	-86
35.888753000	-87
35.991156000	-86
36.503177000	-85
36.707984000	-89
36.810389000	-84
36.912788000	-86
37.322401000	-86
37.424802000	-88
37.629615000	-86
37.732028000	-83
37.936824000	-89
38.039226000	-86
38.141629000	-88
38.244038000	-84
38.346442000	-85
38.448835000	-86
38.858454000	-84
38.960859000	-87
39.063263000	-88
39.165663000	-86
39.268067000	-88
39.472880000	-86
39.575285000	-89
39.677680000	-86
39.780092000	-88
39.882489000	-86
41.111261000	-91
41.418476000	-91
41.623200000	-88
41.725683000	-89
41.828089000	-91
41.930654000	-89
42.032894000	-90
42.135274000	-89
42.749720000	-92
42.852121000	-88
43.056929000	-89
43.159497000	-92
43.466536000	-91
43.568949000	-92
43.773756000	-91
43.876153000	-93
43.978555000	-91
44.080957000	-91
44.183363000	-89
44.285773000	-92
44.797789000	-88
44.900186000	-92
45.104993000	-93
45.207382000	-94
45.309805000	-89
45.412202000	-91
45.617011000	-90
45.719412000	-91
45.924217000	-92
46.026626000	-91
46.129005000	-93
46.436245000	-91
46.640981000	-92
46.845793000	-92
47.050589000	-90
47.255404000	-92
47.357802000	-94
47.460146000	-89
47.665016000	-91
47.767415000	-90
47.869821000	-92
48.074626000	-92
48.177030000	-89
48.279433000	-90
48.381839000	-91
48.586646000	-90
48.689051000	-92
48.791453000	-94
48.893851000	-91
49.098665000	-91
49.405879000	-90
49.508275000	-94
49.610679000	-91
49.713083000	-95
49.815488000	-90
49.917890000	-90
50.122695000	-91
50.225165000	-93
50.327503000	-90
50.429908000	-93
50.532308000	-91
50.737119000	-90
50.839518000	-89
51.146735000	-91
51.249127000	-88
51.351536000	-92
51.453951000	-89
51.556347000	-91
51.658747000	-92
51.863558000	-90
52.068365000	-90
52.170761000	-89
52.273162000	-93
52.375612000	-94
52.580384000	-91
52.682777000	-90
52.785185000	-90
52.887591000	-91
52.989989000	-90
53.092402000	-91
53.194737000	-90
53.297139000	-92
53.399526000	-90
53.604344000	-93
53.706748000	-92
53.809155000	-91
53.911557000	-91
54.013963000	-88
54.423654000	-85
54.730790000	-89
54.833182000	-94
54.935590000	-91
55.037996000	-90
55.140367000	-92
55.242794000	-91
55.652411000	-89
55.754815000	-91
55.959623000	-92
56.062019000	-92
56.164428000	-95
56.266837000	-89
56.369236000	-92
56.574014000	-91
56.778852000	-92
56.881267000	-92
56.983660000	-90
57.086064000	-93
57.291001000	-93
57.393274000	-89
57.495673000	-90
57.598077000	-88
57.700478000	-90
57.802879000	-90
58.007700000	-89
58.110094000	-89
58.212497000	-92
58.417305000	-92
58.519707000	-90
58.724500000	-91
58.826915000	-91
58.929323000	-88
59.031724000	-90
59.134126000	-95
59.236534000	-91
59.338932000	-91
59.441338000	-89
59.748487000	-90
59.850890000	-91
60.055695000	-92
60.158102000	-88
60.260516000	-90
60.465303000	-90
60.567707000	-92
60.670233000	-93
60.874921000	-91
60.977323000	-90
61.079728000	-89
61.182127000	-91
61.284548000	-90
61.489348000	-92
61.591745000	-91
61.694150000	-91
61.898960000	-92
62.001355000	-90
62.308576000	-90
62.410968000	-92
62.513375000	-91
62.718180000	-89
62.820587000	-90
63.025396000	-92
63.127798000	-91
63.230132000	-89
63.332603000	-93
63.435010000	-90
63.537415000	-90
63.742219000	-85
63.844619000	-87
63.947020000	-89
64.049426000	-89
64.151800000	-89
64.254230000	-89
64.458954000	-90
64.561442000	-89
64.766247000	-90
64.868652000	-86
65.175869000	-91
65.278262000	-88
65.380667000	-91
65.483068000	-90
65.585477000	-89
65.687880000	-90
65.790289000	-91
65.892683000	-91
65.995080000	-90
66.097487000	-91
66.507047000	-93
66.609451000	-90
66.711760000	-90
66.814252000	-92
66.916654000	-90
67.019060000	-93
67.121470000	-93
67.223788000	-92
67.326275000	-90
67.428674000	-91
67.531080000	-91
67.633481000	-91
67.735887000	-91
67.838283000	-92
67.940688000	-92
68.145493000	-90
68.247898000	-90
68.350307000	-89
68.555107000	-91
68.657487000	-91
68.759919000	-89
69.067127000	-92
69.169534000	-90
69.272856000	-92
69.374347000	-91
69.476737000	-93
69.579140000	-91
69.681547000	-92
69.784610000	-93
69.886360000	-89
70.193561000	-92
70.295969000	-93
70.398366000	-93
70.500774000	-91
70.807985000	-89
70.910380000	-91
71.012785000	-86
71.115193000	-91
71.217597000	-90
71.422408000	-90
71.524805000	-91
71.627189000	-92
71.729611000	-90
71.832016000	-93
71.934420000	-92
72.036825000	-90
72.139228000	-91
72.241614000	-92
72.344036000	-87
72.446436000	-90
72.548838000	-90
72.651248000	-89
72.753655000	-90
72.855985000	-90
72.958386000	-92
73.060798000	-94
73.163180000	-91
73.265735000	-88
73.368013000	-90
73.470405000	-91
73.572811000	-91
73.675214000	-91
73.777622000	-93
73.982422000	-90
74.084826000	-90
74.188027000	-90
74.289634000	-90
74.392039000	-93
74.596860000	-90
74.699244000	-92
74.801658000	-92
74.904052000	-92
75.006456000	-91
75.108860000	-90
75.313666000	-93
75.416079000	-91
75.518494000	-93
75.620877000	-92
75.825681000	-93
75.928090000	-92
76.030497000	-91
76.132899000	-90
76.235303000	-91
76.337698000	-92
76.440105000	-90
76.542519000	-90
76.644913000	-90
76.849719000	-93
77.156929000	-89
77.361742000	-92
77.464102000	-92
77.566540000	-89
77.668941000	-90
77.976159000	-91
78.078556000	-90
78.283369000	-91
78.385765000	-86
78.488175000	-91
78.590577000	-94
78.692981000	-92
78.897784000	-91
79.000189000	-89
79.102588000	-90
79.409737000	-91
79.614546000	-88
79.819353000	-92
80.126570000	-93
80.228974000	-90
80.331369000	-91
80.433777000	-93
80.536177000	-91
80.638578000	-91
80.740983000	-90
80.843385000	-88
81.048193000	-89
81.150596000	-92
81.253001000	-91
81.355409000	-90
81.457809000	-91
81.560211000	-92
81.662612000	-92
81.969822000	-93
82.174590000	-88
82.277033000	-89
82.584539000	-92
82.686641000	-88
82.789052000	-91
82.994109000	-90
83.096257000	-90
83.198657000	-91
83.301064000	-92
83.608273000	-91
83.710680000	-90
83.813085000	-90
84.017891000	-90
84.325097000	-91
84.427507000	-90
84.529908000	-90
84.632524000	-88
84.734710000	-90
84.939524000	-89
85.041922000	-92
85.349133000	-91
85.656361000	-89
85.758731000	-91
85.861160000	-93
85.963461000	-91
86.168299000	-90
86.270697000	-90
86.373102000	-92
86.475510000	-93
86.680296000	-89
86.782719000	-92
86.885118000	-90
86.987523000	-93
87.294731000	-91
87.397133000	-93
87.499547000	-91
87.601940000	-88
87.806752000	-88
87.909156000	-93
88.011698000	-90
88.113961000	-91
88.318786000	-93
88.421170000	-90
88.523574000	-91
88.626041000	-90
88.728381000	-91
88.830784000	-90
88.933191000	-90
89.035594000	-91
89.137993000	-91
89.240399000	-93
89.445205000	-92
89.547862000	-92
89.650012000	-92
89.752410000	-89
89.854814000	-91
89.957222000	-90
90.059626000	-89
90.162025000	-89
90.264437000	-91
90.469236000	-91
90.674042000	-92
90.776447000	-89
90.878848000	-90
90.981250000	-90
91.083657000	-91
91.186033000	-90
91.288458000	-93
91.390865000	-91
91.493270000	-92
91.595676000	-91
91.698076000	-92
92.005287000	-90
92.210071000	-89
92.517239000	-93
92.926767000	-93
93.029259000	-94
93.233973000	-91
93.438868000	-89
93.746082000	-90
93.950884000	-90
94.258096000	-94
94.462906000	-92
94.667712000	-92
94.770100000	-92
94.974916000	-90
95.077326000	-92
95.179744000	-89
95.282133000	-91
95.384531000	-90
95.486941000	-90
95.589340000	-94
95.691705000	-93
95.794280000	-94
95.896550000	-91
95.998957000	-89
96.101280000	-93
96.203764000	-90
96.408563000	-89
96.510973000	-92
96.613374000	-92
96.818181000	-90
97.227803000	-89
97.330202000	-92
97.432602000	-90
97.535001000	-90
97.637406000	-90
97.739813000	-94
97.842221000	-91
97.944617000	-92
98.047025000	-90
98.149425000	-91
98.354231000	-92
98.559041000	-91
98.763845000	-91
98.866251000	-90
98.968655000	-93
99.071314000	-90
99.173400000	-90
99.275994000	-92
99.378208000	-91
99.480604000	-92
99.583011000	-93
99.787821000	-90
99.890217000	-89
100.095018000	-90
100.197388000	-92
100.299828000	-88
100.402235000	-91
100.504641000	-91
100.607045000	-91
100.811852000	-91
101.016653000	-88
101.119053000	-91
101.221420000	-90
101.323861000	-92
101.426271000	-92
101.528671000	-90
101.631074000	-91
101.733476000	-91
101.835882000	-93
102.040684000	-93
102.143103000	-92
102.655168000	-90
102.757516000	-89
102.859914000	-92
103.064731000	-91
104.293568000	-89
104.395973000	-91
104.498368000	-92
104.600784000	-91
104.907982000	-91
105.010385000	-91
105.112792000	-92
105.215191000	-93
105.317598000	-93
105.420004000	-93
105.522407000	-90
105.624739000	-92
105.727141000	-92
106.034358000	-90
106.239160000	-89
106.341672000	-93
106.648773000	-92
106.751188000	-92
106.853584000	-91
106.955987000	-90
107.058391000	-90
107.160871000	-94
107.263198000	-90
107.365598000	-91
107.467998000	-90
107.570404000	-91
107.877619000	-91
108.082419000	-92
108.184824000	-91
108.287248000	-91
108.389637000	-93
108.492034000	-93
108.594442000	-89
108.696844000	-91
109.106460000	-90
109.208845000	-92
109.311273000	-91
109.516072000	-92
109.618476000	-91
109.720880000	-92
109.925685000	-89
110.028093000	-90
110.130488000	-88
110.233238000	-90
110.335300000	-91
110.437711000	-89
110.540104000	-90
110.642504000	-93
110.744904000	-91
110.847313000	-87
111.052116000	-89
111.154534000	-91
111.256933000	-91
111.359333000	-90
111.461665000	-90
111.564134000	-90
111.768940000	-92
111.871344000	-91
112.076151000	-93
112.280902000	-91
112.383298000	-91
112.485706000	-91
112.588104000	-91
112.690508000	-90
112.792920000	-93
112.997718000	-89
113.100318000	-92
113.202531000	-87
113.304930000	-91
113.509740000	-92
113.612144000	-92
113.714527000	-91
113.919349000	-89
114.021750000	-91
114.124162000	-88
114.226558000	-91
114.328960000	-91
114.431370000	-92
114.533766000	-90
114.636173000	-91
114.738579000	-89
114.840982000	-93
114.943392000	-91
115.045793000	-90
115.148193000	-92
115.557807000	-91
115.660367000	-94
115.762610000	-93
115.967422000	-90
116.069830000	-94
116.172227000	-92
116.274628000	-92
116.377032000	-91
116.479442000	-92
116.581842000	-89
116.684242000	-87
116.889051000	-89
116.991449000	-90
117.401076000	-93
117.503471000	-92
117.605871000	-92
117.708274000	-93
117.810686000	-92
117.913089000	-91
118.015496000	-88
118.117894000	-91
118.220267000	-89
118.322695000	-93
118.425094000	-92
118.527504000	-91
118.629920000	-92
118.732248000	-91
118.834649000	-91
118.937058000	-91
119.039471000	-94
119.141852000	-90
119.244267000	-90
119.346663000	-92
119.449067000	-92
119.551474000	-89
119.756288000	-91
119.961010000	-89
120.063496000	-92
120.165896000	-90
120.268292000	-90
120.370700000	-92
120.575506000	-93
120.677911000	-92
120.780318000	-89
120.882721000	-91
120.985123000	-90
121.087519000	-92
121.292336000	-83
121.394807000	-84
121.497141000	-84
121.599538000	-87
121.701944000	-85
121.804350000	-87
122.009158000	-88
122.213959000	-86
122.316359000	-85
122.418765000	-85
122.521174000	-83
122.623571000	-85
122.725931000	-85
122.828386000	-87
122.930788000	-87
123.033188000	-84
123.135595000	-85
123.237992000	-86
123.340393000	-87
123.442804000	-86
123.545205000	-85
123.647605000	-87
124.057217000	-85
124.159624000	-85
124.364429000	-87
124.569234000	-85
124.876443000	-85
124.978848000	-86
125.081256000	-87
125.183661000	-87
125.286002000	-84
125.490805000	-86
125.695706000	-85
125.798013000	-84
125.900420000	-85
126.207627000	-87
126.310051000	-86
126.412433000	-88
126.514841000	-85
126.617247000	-85
127.026853000	-88
127.129371000	-84
127.231612000	-86
127.334063000	-84
127.436470000	-85
127.538879000	-86
127.743677000	-86
127.846083000	-84
127.948484000	-85
128.050895000	-87
128.153287000	-83
128.358099000	-87
128.460422000	-85
128.562902000	-85
128.665319000	-83
128.767710000	-88
128.870115000	-86
129.074925000	-83
129.177329000	-86
129.279728000	-85
129.484535000	-86
129.586942000	-86
129.689354000	-88
129.894147000	-84
130.098963000	-87
130.406168000	-82
130.610981000	-85
130.713375000	-88
130.815778000	-87
130.918182000	-88
131.122986000	-86
131.225394000	-83
131.430196000	-83
131.532603000	-88
131.635022000	-87
131.737373000	-85
131.839749000	-87
132.044562000	-86
132.146957000	-87
132.249362000	-86
132.351750000	-86
132.658980000	-85
132.863785000	-87
132.966985000	-85
133.068589000	-85
133.170993000	-87
133.273399000	-85
133.478153000	-88
133.580602000	-85
133.683000000	-86
133.785919000	-84
133.990219000	-84
134.092627000	-86
134.195022000	-85
134.297426000	-83
134.399835000	-85
134.604634000	-84
134.706959000	-86
134.809439000	-89
134.911849000	-88
135.014260000	-86
135.116656000	-86
135.219065000	-85
135.321470000	-85
135.423867000	-85
135.526281000	-85
135.628674000	-83
135.731075000	-87
135.833477000	-87
135.935883000	-88
136.038282000	-84
136.140688000	-86
136.243030000	-84
136.345495000	-85
136.550581000	-86
136.652708000	-82
136.755170000	-85
136.857511000	-86
136.959918000	-85
137.062318000	-87
137.164710000	-84
137.267124000	-84
137.369530000	-86
137.471927000	-81
137.574336000	-83
137.676741000	-82
137.779146000	-86
137.881536000	-87
137.983953000	-86
138.086431000	-86
138.188760000	-86
138.291129000	-84
138.393495000	-86
138.495907000	-85
138.598358000	-85
138.700715000	-86
138.803110000	-87
138.905513000	-86
139.007922000	-86
139.110323000	-86
139.212645000	-85
139.417529000	-85
139.519931000	-86
139.827151000	-85
139.929544000	-85
140.134358000	-86
140.236754000	-88
140.339164000	-87
140.441571000	-85
140.543968000	-85
140.748713000	-86
140.851184000	-85
140.953564000	-85
141.055988000	-88
141.158398000	-84
141.260797000	-85
141.465598000	-86
141.568001000	-85
141.670404000	-85
141.875220000	-87
141.977616000	-84
142.080023000	-88
142.182428000	-86
142.387231000	-83
142.489639000	-85
142.592043000	-87
142.694444000	-85
142.796842000	-85
142.899250000	-85
143.001653000	-84
143.308858000	-88
143.411260000	-84
143.513672000	-84
143.718480000	-85
144.025680000	-87
144.230486000	-86
144.332897000	-84
144.435302000	-85
144.537702000	-84
144.640106000	-84
144.742508000	-87
144.844996000	-85
144.947253000	-85
145.049651000	-87
145.152057000	-84
145.254435000	-85
145.356866000	-85
145.459266000	-85
145.561674000	-85
145.664072000	-84
145.766481000	-85
145.868882000	-87
145.971294000	-85
146.176085000	-86
146.278494000	-86
146.380901000	-83
146.483295000	-85
146.585703000	-86
146.688114000	-84
146.790507000	-87
146.892913000	-83
146.995313000	-89
147.097752000	-84
147.200124000	-87
147.507426000	-86
147.712066000	-85
147.814548000	-86
147.916925000	-84
148.019352000	-86
148.121859000	-85
148.224152000	-89
148.326857000	-87
148.428966000	-86
148.531367000	-85
148.633770000	-87
148.736186000	-86
148.838585000	-86
148.940985000	-86
149.145786000	-85
149.248205000	-85
149.350602000	-86
149.453111000	-86
149.555402000	-88
149.657799000	-85
149.760189000	-86
149.862610000	-87
150.067421000	-80
150.169824000	-87
150.272228000	-87
150.374632000	-85
150.477033000	-83
150.579448000	-88
150.681834000	-86
150.784568000	-85
150.886648000	-84
150.989047000	-87
151.091453000	-85
151.193859000	-83
151.296257000	-89
151.398665000	-83
151.501002000	-86
151.808212000	-84
151.910617000	-87
152.013016000	-87
152.115426000	-87
152.217827000	-86
152.320229000	-88
152.422626000	-85
152.627428000	-85
152.729827000	-84
152.832249000	-87
152.934645000	-84
153.037055000	-85
153.139382000	-85
153.241862000	-83
153.344259000	-85
153.446659000	-88
153.549063000	-85
153.651473000	-86
153.753875000	-85
153.856279000	-84
153.958682000	-86
154.061191000	-86
154.163504000	-86
154.265862000	-90
154.368294000	-85
154.470706000	-86
154.573100000	-88
154.675502000	-85
154.777907000	-88
154.880310000	-87
155.085117000	-87
155.289929000	-85
155.392328000	-87
155.597133000	-88
155.699540000	-89
155.801941000	-85
155.904349000	-89
156.211556000	-87
156.313958000	-88
156.416362000	-83
156.518770000	-86
156.928382000	-86
157.030783000	-87
157.235588000	-82
157.337990000	-86
157.440406000	-88
157.542738000	-86
157.645198000	-85
157.850009000	-87
158.259557000	-89
158.361959000	-85
158.669170000	-85
158.771547000	-85
158.873981000	-85
158.976379000	-88
159.078786000	-87
159.181190000	-85
159.283598000	-83
159.385997000	-86
159.488400000	-83
159.590807000	-85
159.693205000	-85
159.795612000	-82
159.898010000	-85
160.000412000	-84
160.102816000	-84
160.205225000	-82
160.307775000	-85
160.410041000	-83
160.512434000	-86
160.614837000	-85
160.717240000	-84
160.819641000	-84
160.922051000	-87
161.024585000	-86
161.126869000	-84
161.229259000	-86
161.331655000	-86
161.434091000	-84
161.536465000	-85
161.638873000	-84
161.741271000	-85
161.843690000	-83
161.946080000	-84
162.150887000	-86
162.253504000	-84
162.355655000	-86
162.560503000	-87
162.662908000	-87
162.765305000	-85
162.970038000	-86
163.072523000	-87
163.174932000	-79
163.277295000	-85
163.379730000	-87
163.482133000	-84
163.584551000	-83
163.686941000	-84
163.789343000	-86
163.891739000	-84
163.994146000	-86
164.096554000	-87
164.198962000	-87
164.301360000	-84
164.506168000	-84
164.608508000	-87
164.813309000	-85
164.915715000	-83
165.018042000	-83
165.120719000	-86
165.222921000	-84
165.325329000	-87
165.427738000	-88
165.530065000	-86
165.632532000	-88
