0.000000000	-91
0.102485000	-90
0.307281000	-92
0.409679000	-90
0.614489000	-85
0.716811000	-90
1.024096000	-86
1.126482000	-87
1.228899000	-88
1.331308000	-86
1.638516000	-86
1.740844000	-87
1.843322000	-87
22.016496000	-89
22.118906000	-87
22.323707000	-86
22.528503000	-86
22.630920000	-87
22.733328000	-87
22.835721000	-86
22.938124000	-86
23.040530000	-86
23.142944000	-86
23.347741000	-87
23.450137000	-85
23.757351000	-86
23.962156000	-84
24.064559000	-86
24.166961000	-86
24.269361000	-88
24.576570000	-84
24.678978000	-85
24.781380000	-86
24.986181000	-86
25.088588000	-86
25.190938000	-89
25.293391000	-87
25.498198000	-86
25.600600000	-88
25.665161000	-86
25.666932000	-82
25.703030000	-85
25.805401000	-86
26.010147000	-81
26.112555000	-81
26.317357000	-86
26.522160000	-87
26.624566000	-86
26.726973000	-85
26.829367000	-86
26.931771000	-87
27.034166000	-87
27.136574000	-85
27.238994000	-87
27.546187000	-87
27.648590000	-87
27.750996000	-87
27.853403000	-88
27.955728000	-85
28.058210000	-86
28.160603000	-84
28.263015000	-87
28.365415000	-85
28.467826000	-85
28.570213000	-86
28.672623000	-86
28.877431000	-86
28.979831000	-86
29.082236000	-85
29.184640000	-87
29.389444000	-85
29.594253000	-86
29.696648000	-85
29.799057000	-85
29.901459000	-84
30.003847000	-85
30.106266000	-85
30.208672000	-86
30.311074000	-87
30.413473000	-85
30.515871000	-86
30.618289000	-86
30.823092000	-87
30.925487000	-81
31.027891000	-86
31.232628000	-89
31.335069000	-86
31.437446000	-88
31.539807000	-85
31.848156000	-87
31.849929000	-82
31.851860000	-83
31.853630000	-83
31.855397000	-84
31.857257000	-87
31.949450000	-86
32.051865000	-86
32.154273000	-83
32.359061000	-85
32.563864000	-83
32.666267000	-89
32.973479000	-85
33.280685000	-88
33.383087000	-85
33.485492000	-82
33.792703000	-84
33.997511000	-86
34.099914000	-86
34.509522000	-84
34.816735000	-86
35.123949000	-86
35.226343000	-85
35.328748000	-85
35.431150000	-88
35.533554000	-87
35.635959000	-86
35.840764000	-86
35.943165000	-85
36.147973000	-85
36.557522000	-85
36.864730000	-89
37.479145000	-86
37.581553000	-86
37.683949000	-88
37.786350000	-84
37.888757000	-88
38.093558000	-87
38.195969000	-86
38.298375000	-86
38.503174000	-84
38.605571000	-85
38.810378000	-84
38.912783000	-86
39.015190000	-88
39.424806000	-83
39.527206000	-86
39.629599000	-85
39.732014000	-85
39.936808000	-85
41.063244000	-90
41.165651000	-90
41.370456000	-91
41.677663000	-90
41.780078000	-90
41.882387000	-92
41.984669000	-92
42.087147000	-90
42.189549000	-88
42.291960000	-92
42.496759000	-92
42.599158000	-91
43.008769000	-90
43.111178000	-95
43.213576000	-93
43.315981000	-89
43.418382000	-91
43.520784000	-90
43.623189000	-92
43.725597000	-88
43.827997000	-92
43.930397000	-93
44.135205000	-91
44.237605000	-91
44.442417000	-89
44.544812000	-92
44.647218000	-91
44.852026000	-92
45.056804000	-91
45.159231000	-91
45.261639000	-90
45.466438000	-92
45.568850000	-92
45.671247000	-91
45.876058000	-93
45.978451000	-88
46.080855000	-90
46.183264000	-95
46.388064000	-90
46.490472000	-91
46.695277000	-92
46.797693000	-91
46.900084000	-93
47.002488000	-89
47.104884000	-91
47.207291000	-92
47.286481000	-88
47.288396000	-90
47.290269000	-88
47.296469000	-90
47.412035000	-89
47.514431000	-90
47.616840000	-88
47.719240000	-89
47.924056000	-91
48.128847000	-92
48.231255000	-88
48.333655000	-88
48.436057000	-91
48.640870000	-90
48.743268000	-92
48.948078000	-91
49.152876000	-89
49.255283000	-93
49.357687000	-89
49.460088000	-91
49.664893000	-92
49.767297000	-90
49.869706000	-91
50.074512000	-86
50.176913000	-87
50.484114000	-91
50.586516000	-90
50.791328000	-92
50.893732000	-90
51.303342000	-89
51.405741000	-89
51.508144000	-90
51.610546000	-88
51.712956000	-93
52.224971000	-92
52.327371000	-90
52.429775000	-90
52.634518000	-90
52.839317000	-91
52.941728000	-90
53.146527000	-92
53.248930000	-90
53.453737000	-91
53.760951000	-94
54.188640000	-91
54.190564000	-89
54.192405000	-88
54.194292000	-89
54.375371000	-89
54.477768000	-94
54.580175000	-91
54.784973000	-91
54.989715000	-90
55.194589000	-90
55.706606000	-90
55.809005000	-90
55.911409000	-91
56.116216000	-89
56.218619000	-90
56.321020000	-91
56.628233000	-90
56.730634000	-92
56.833037000	-89
57.037836000	-92
57.140251000	-91
57.447455000	-94
57.754655000	-90
57.857061000	-91
58.061870000	-90
58.164264000	-93
58.266677000	-92
58.369079000	-91
58.471486000	-91
58.573836000	-90
58.676288000	-91
58.778693000	-88
58.881089000	-92
59.188301000	-92
59.290714000	-88
59.393108000	-91
59.597907000	-90
59.905127000	-90
60.109929000	-90
60.212332000	-89
60.417137000	-93
60.519539000	-90
60.724346000	-95
60.826759000	-89
60.929144000	-92
61.031552000	-90
61.236360000	-90
61.338757000	-93
61.543571000	-93
61.850775000	-90
61.953154000	-93
62.055584000	-91
62.157980000	-92
62.670001000	-88
62.772398000	-90
62.874807000	-91
62.977211000	-90
63.181951000	-90
63.284357000	-90
63.386753000	-87
63.489158000	-90
63.796366000	-90
63.898766000	-92
64.001296000	-91
64.103572000	-93
64.410936000	-88
64.513184000	-91
64.615592000	-92
64.717991000	-91
64.820397000	-90
65.025197000	-91
65.127598000	-93
65.230010000	-91
65.639614000	-92
65.742023000	-88
65.844421000	-93
65.946827000	-89
66.049226000	-90
66.254034000	-91
66.356443000	-92
66.458843000	-92
66.561243000	-93
66.766048000	-91
66.868453000	-90
66.970852000	-92
67.175672000	-94
67.278065000	-90
67.380473000	-90
67.482873000	-91
67.585249000	-90
67.687685000	-92
67.790077000	-91
67.892480000	-91
67.994879000	-90
68.302098000	-92
68.506822000	-93
69.018856000	-88
69.223655000	-90
69.428461000	-90
69.515276000	-89
69.519346000	-91
69.530862000	-91
69.559341000	-92
69.615987000	-92
69.633267000	-91
69.735675000	-89
69.940477000	-89
70.042878000	-92
70.247618000	-89
70.350084000	-91
70.452490000	-89
70.554899000	-88
70.657295000	-90
70.759696000	-89
70.862111000	-92
70.964501000	-92
70.985644000	-90
70.987498000	-91
70.989349000	-92
71.066903000	-93
71.271722000	-92
71.374119000	-90
71.578927000	-90
71.681330000	-93
71.988539000	-91
72.090874000	-90
72.193340000	-89
72.295739000	-89
72.500547000	-91
72.807754000	-93
72.910161000	-92
73.012551000	-93
73.319768000	-89
73.422172000	-89
73.524575000	-90
73.626989000	-90
73.729389000	-91
74.241321000	-91
74.343804000	-91
74.548601000	-92
74.651010000	-94
74.753415000	-91
74.958216000	-90
75.265424000	-91
75.470229000	-93
75.572633000	-93
75.675039000	-91
75.777439000	-92
75.982244000	-91
76.187053000	-89
76.289453000	-92
76.391857000	-91
76.494260000	-91
76.596594000	-91
76.699069000	-89
76.801472000	-92
77.006272000	-90
77.108677000	-93
77.211083000	-89
77.313483000	-90
77.415890000	-91
77.518282000	-91
77.723091000	-91
77.825502000	-89
77.928162000	-92
78.030403000	-91
78.132706000	-92
78.235108000	-91
78.542321000	-90
78.849471000	-90
78.951871000	-92
79.668682000	-90
79.975899000	-91
80.078303000	-88
80.180701000	-89
80.283108000	-91
80.385572000	-94
80.487911000	-96
80.692717000	-89
80.795119000	-90
80.999904000	-90
81.102273000	-90
81.307136000	-92
81.409538000	-93
81.614339000	-91
81.716747000	-91
82.126361000	-90
82.228761000	-88
82.331160000	-91
82.535969000	-91
82.638366000	-90
82.740752000	-93
82.843174000	-90
82.945580000	-92
83.047984000	-91
83.150387000	-92
83.457590000	-93
83.559993000	-92
83.662405000	-90
83.764801000	-92
83.867205000	-93
84.788762000	-88
84.891173000	-93
85.074872000	-92
85.198382000	-91
86.120007000	-93
86.529585000	-91
86.632071000	-94
87.041627000	-92
87.144035000	-91
87.348842000	-90
87.451238000	-90
87.656010000	-93
87.965524000	-91
88.270470000	-89
88.372882000	-92
88.680076000	-90
88.782483000	-93
88.884885000	-91
89.294499000	-91
89.396893000	-88
89.601706000	-92
89.704107000	-91
89.806504000	-91
89.908912000	-90
90.216126000	-90
90.318518000	-90
90.523332000	-91
90.728135000	-91
90.830535000	-90
90.932939000	-90
91.035334000	-90
91.137745000	-91
91.342566000	-91
91.444951000	-92
91.649763000	-91
91.956965000	-91
92.059367000	-91
92.161773000	-92
92.468973000	-91
92.571390000	-90
92.673791000	-91
92.878506000	-88
92.980997000	-94
93.185801000	-90
93.390606000	-93
93.493013000	-89
93.697731000	-88
93.902625000	-91
94.005030000	-92
94.107428000	-90
94.209832000	-91
94.312242000	-93
94.414635000	-90
94.517042000	-91
94.619398000	-91
94.721778000	-91
94.824187000	-90
94.926594000	-90
95.028990000	-89
95.131394000	-90
95.233798000	-91
95.336197000	-90
95.438600000	-91
95.540984000	-89
95.643414000	-91
95.745812000	-90
95.848210000	-91
95.950616000	-90
96.667442000	-90
96.769844000	-91
97.077046000	-90
97.179457000	-90
97.384263000	-89
97.486661000	-90
97.589064000	-90
97.793864000	-90
97.896267000	-93
97.998680000	-92
98.101075000	-89
98.203469000	-91
98.305889000	-91
98.408285000	-90
98.510693000	-95
98.817902000	-91
99.125098000	-92
99.227509000	-94
99.329915000	-91
99.534718000	-90
99.637119000	-91
99.841859000	-91
100.046639000	-93
100.149076000	-92
100.251478000	-91
100.353879000	-93
100.456276000	-90
100.527100000	-90
100.530894000	-91
100.532654000	-87
100.534763000	-90
100.536553000	-90
101.070700000	-93
101.275498000	-86
101.480316000	-92
101.685117000	-93
101.787522000	-92
101.889916000	-89
102.401934000	-93
102.504345000	-89
102.811553000	-92
103.016356000	-94
104.245189000	-93
104.347593000	-90
104.449994000	-89
104.859603000	-92
104.962005000	-89
105.064419000	-92
105.269147000	-89
105.473957000	-90
105.576360000	-91
105.678766000	-91
105.781163000	-91
106.190776000	-93
106.497979000	-94
106.600391000	-92
106.805197000	-91
106.907594000	-92
107.010002000	-94
107.112406000	-90
107.317218000	-91
107.419610000	-90
107.624423000	-91
107.726826000	-92
107.829224000	-89
107.931631000	-93
108.034042000	-90
108.136452000	-90
108.238775000	-93
108.341239000	-92
108.443646000	-91
108.648445000	-90
108.750855000	-91
108.955653000	-90
109.058044000	-94
109.160466000	-94
109.262862000	-91
109.467667000	-89
109.570079000	-93
109.774883000	-92
109.877287000	-90
109.979705000	-91
110.082086000	-93
110.184494000	-91
110.286897000	-92
110.389369000	-92
110.491635000	-90
110.594041000	-91
110.696441000	-90
110.798850000	-90
110.901248000	-91
111.003648000	-93
111.208459000	-93
111.413266000	-89
111.515660000	-91
111.720468000	-89
112.027681000	-91
112.437296000	-94
112.698889000	-90
112.700784000	-92
112.702709000	-90
112.760582000	-92
112.762367000	-88
112.764190000	-88
112.949308000	-94
113.154109000	-92
113.256512000	-93
113.358924000	-92
113.563687000	-93
113.666123000	-91
113.768527000	-91
113.870929000	-92
114.178145000	-91
114.280544000	-89
114.485349000	-93
114.587756000	-92
114.690163000	-89
114.792559000	-92
114.894964000	-92
115.099770000	-93
115.406983000	-92
115.509482000	-89
115.611715000	-94
115.714121000	-92
115.816523000	-90
115.918934000	-92
116.226132000	-91
116.306826000	-91
116.308660000	-91
116.310451000	-94
116.328539000	-90
116.533339000	-89
116.840551000	-91
116.942960000	-90
117.045362000	-91
117.147762000	-92
117.250166000	-93
117.352559000	-93
117.454971000	-93
117.557377000	-90
117.659772000	-93
118.274194000	-90
118.376601000	-90
118.479002000	-94
118.581402000	-92
118.786212000	-91
118.888608000	-92
118.990942000	-88
119.093422000	-91
119.298222000	-91
119.400632000	-92
119.503024000	-92
119.605431000	-90
119.707832000	-91
120.322253000	-92
120.424656000	-91
120.629523000	-91
120.936670000	-91
121.039013000	-91
121.243815000	-89
121.346207000	-86
121.448618000	-85
121.551025000	-91
121.960631000	-88
122.063039000	-87
122.165436000	-88
122.267850000	-89
122.370245000	-87
122.472650000	-84
122.575036000	-86
122.677454000	-85
122.779860000	-86
122.882256000	-87
122.984584000	-87
123.189473000	-86
123.291873000	-86
123.496603000	-87
123.701483000	-88
123.803890000	-87
123.906292000	-88
124.111093000	-85
124.418286000	-86
124.520707000	-89
124.623104000	-85
124.827912000	-86
124.930385000	-85
125.135132000	-85
125.237528000	-85
125.339921000	-86
125.442342000	-86
125.647138000	-86
126.363958000	-86
126.466359000	-86
126.568762000	-87
126.671178000	-86
126.773567000	-85
126.978380000	-86
127.080734000	-88
127.183181000	-85
127.490387000	-85
127.797600000	-87
127.900004000	-86
128.104808000	-86
128.119060000	-85
128.120924000	-85
128.122697000	-84
128.124599000	-87
128.126506000	-85
128.207209000	-86
128.309610000	-88
128.412013000	-86
128.514419000	-85
128.616822000	-86
128.719227000	-88
128.821626000	-87
128.924024000	-88
129.026432000	-87
129.333643000	-87
129.538448000	-86
129.640854000	-85
129.743257000	-83
129.845662000	-85
130.050455000	-85
130.152865000	-87
130.255264000	-86
130.357675000	-85
130.460065000	-85
130.664874000	-86
130.767281000	-85
130.869683000	-86
131.074493000	-85
131.176886000	-86
131.279294000	-86
131.381637000	-84
131.484039000	-87
131.586402000	-89
131.688845000	-87
131.791251000	-87
131.893653000	-89
131.996050000	-87
132.098455000	-84
132.200855000	-88
132.610476000	-85
132.712876000	-85
133.020083000	-86
133.233140000	-83
133.327286000	-86
133.429695000	-85
133.532093000	-88
133.634495000	-85
133.839305000	-88
133.941704000	-87
134.044110000	-86
134.248913000	-87
134.351327000	-85
134.453712000	-88
134.658530000	-87
134.760933000	-86
135.170545000	-87
135.272943000	-83
135.375343000	-85
135.477745000	-86
135.682552000	-85
136.194568000	-86
136.296977000	-88
136.501782000	-85
136.604186000	-84
137.218539000	-85
137.525741000	-87
137.628140000	-86
137.730552000	-86
138.037755000	-87
138.140161000	-83
138.652177000	-86
138.754581000	-86
138.856978000	-86
139.061788000	-83
139.164189000	-86
139.369000000	-86
139.471396000	-85
139.573802000	-85
139.778608000	-88
139.881021000	-86
139.983642000	-85
140.085821000	-84
140.188217000	-89
140.290626000	-87
140.393023000	-87
140.700231000	-85
141.109844000	-86
141.212249000	-89
141.417062000	-86
141.621859000	-86
141.724268000	-88
141.826602000	-86
141.929009000	-89
142.031418000	-85
142.133806000	-88
142.543419000	-86
142.645826000	-86
143.157845000	-85
143.260239000	-86
143.465053000	-85
143.559542000	-85
143.563814000	-88
143.570240000	-86
143.669854000	-86
143.772263000	-85
143.874664000	-86
143.977064000	-85
144.079461000	-86
144.181873000	-88
144.284271000	-84
144.386671000	-85
144.488990000	-88
144.591485000	-86
144.898686000	-85
145.001091000	-86
145.103415000	-87
145.205896000	-84
145.308296000	-87
145.513109000	-87
145.615505000	-87
145.717909000	-86
145.820310000	-82
146.025104000	-85
146.127512000	-87
146.434729000	-86
146.537134000	-88
146.741940000	-84
146.844342000	-85
146.946749000	-85
147.151556000	-87
147.253963000	-86
147.356349000	-84
147.458758000	-85
147.561162000	-89
147.970775000	-85
148.175578000	-86
148.277982000	-87
148.482793000	-88
148.585197000	-88
148.892403000	-86
148.994807000	-86
149.097211000	-87
149.199613000	-86
149.404423000	-86
149.711628000	-83
149.814025000	-86
150.018828000	-86
150.326035000	-86
150.530834000	-89
150.633244000	-86
150.735655000	-84
150.838053000	-85
150.940461000	-86
151.042864000	-85
151.452480000	-86
151.554874000	-84
151.759680000	-85
152.066892000	-84
152.169298000	-87
152.271630000	-87
152.476438000	-84
152.783649000	-82
152.886021000	-88
152.988370000	-86
153.193260000	-86
153.295667000	-87
153.398066000	-89
153.500470000	-86
153.807675000	-85
153.910084000	-84
154.217287000	-84
154.422097000	-86
154.524491000	-86
154.626929000	-85
154.729305000	-84
154.831712000	-85
154.934109000	-86
155.241318000	-89
155.446117000	-85
155.548528000	-86
155.753326000	-87
155.855732000	-86
155.958141000	-87
156.060537000	-83
156.162944000	-85
156.265345000	-86
156.367741000	-85
156.470152000	-86
156.572553000	-86
156.674954000	-90
156.777366000	-86
156.879767000	-88
157.084565000	-86
157.187293000	-85
157.289379000	-86
157.391778000	-87
157.494178000	-88
157.596517000	-86
157.698920000	-87
157.801320000	-85
158.210940000	-87
158.313347000	-87
158.415748000	-87
158.518151000	-85
158.620505000	-86
158.722947000	-85
158.825360000	-87
158.927758000	-87
159.028286000	-85
159.030556000	-86
159.032418000	-88
159.034564000	-86
159.132567000	-87
159.234969000	-85
159.439774000	-89
159.542167000	-87
159.644579000	-87
159.746979000	-86
159.849379000	-85
159.951784000	-85
160.054187000	-87
160.258990000	-85
160.361400000	-83
160.463798000	-86
160.566204000	-85
160.668606000	-85
160.771009000	-85
160.873413000	-84
160.975817000	-86
161.078216000	-83
161.180621000	-86
161.283020000	-85
161.385429000	-84
161.487832000	-84
161.590228000	-85
161.629276000	-83
161.631100000	-83
161.692635000	-84
161.795053000	-88
161.897437000	-88
161.999844000	-86
162.102249000	-87
162.204646000	-85
162.307053000	-89
162.409464000	-86
162.511860000	-87
162.614263000	-87
162.819067000	-86
162.921469000	-85
163.126209000	-82
163.228680000	-83
163.331081000	-88
163.433485000	-85
163.535966000	-83
163.638288000	-84
163.740689000	-84
163.843099000	-88
163.945504000	-84
164.047882000	-85
164.150305000	-84
164.355110000	-85
164.457510000	-84
164.559913000	-86
164.662300000	-84
164.764717000	-84
164.867135000	-84
164.969524000	-85
165.174334000	-84
165.276738000	-86
165.379133000	-86
165.481543000	-83
165.583949000	-85
165.686343000	-85
