88.854553000	-86
88.855646000	-86
88.856535000	-86
88.857446000	-85
88.858499000	-85
88.859454000	-86
88.860560000	-85
88.861669000	-86
88.862559000	-88
88.863575000	-88
88.864546000	-87
88.865515000	-85
88.866746000	-88
88.867869000	-86
88.869096000	-84
88.870312000	-89
88.973914000	-84
88.974989000	-84
88.975984000	-86
88.976973000	-84
88.977984000	-86
88.979259000	-84
88.980371000	-83
88.981483000	-85
88.982421000	-83
88.983395000	-84
88.984394000	-85
88.985351000	-86
88.986585000	-83
88.987686000	-82
88.988927000	-85
88.990034000	-84
89.086288000	-85
89.087371000	-86
89.089218000	-86
89.090232000	-87
89.091267000	-87
89.092373000	-89
89.093371000	-88
89.094392000	-87
89.095299000	-86
89.096258000	-89
89.097245000	-87
89.098487000	-86
89.099662000	-87
89.100896000	-87
